1, 8.660254037844387076e-01 4.999999999999999445e-01 6.123233995736766036e-17;
2, 8.660254037844387076e-01 -4.999999999999999445e-01 6.123233995736766036e-17;
3, 1.000000000000000000e+00 0.000000000000000000e+00 6.123233995736766036e-17;
4, 6.123233995736766036e-17 1.000000000000000000e+00 6.123233995736766036e-17;
5, 6.123233995736766036e-17 -1.000000000000000000e+00 6.123233995736766036e-17;
6, -7.071067811865474617e-01 7.071067811865475727e-01 6.123233995736766036e-17;
7, -7.071067811865474617e-01 -7.071067811865475727e-01 6.123233995736766036e-17;
8, 5.000000000000000000e-01 4.999999999999998890e-01 7.071067811865475727e-01;
9, 5.000000000000000000e-01 -4.999999999999998890e-01 7.071067811865475727e-01;
10, -4.999999999999998890e-01 5.000000000000000000e-01 7.071067811865475727e-01;
11, -4.999999999999998890e-01 -5.000000000000000000e-01 7.071067811865475727e-01;
12, 9.659258262890683122e-01 2.588190451025207395e-01 6.339238302863529883e-17;
13, 5.000000000000001110e-01 8.660254037844385966e-01 7.070501591499379021e-17;
14, 7.445606521086670648e-01 5.450562266601594041e-01 3.854129539993507714e-01;
15, 9.659258262890683122e-01 -2.588190451025207395e-01 6.339238302863529883e-17;
16, 5.000000000000001110e-01 -8.660254037844385966e-01 7.070501591499379021e-17;
17, 7.445606521086670648e-01 -5.450562266601594041e-01 3.854129539993507714e-01;
18, 8.660254037844387076e-01 2.886751345948128100e-01 4.082482904638631283e-01;
19, 8.660254037844387076e-01 -2.886751345948128100e-01 4.082482904638631283e-01;
20, -3.826834323650897263e-01 9.238795325112868495e-01 6.627740717550707104e-17;
21, 2.886751345948129766e-01 8.660254037844387076e-01 4.082482904638631283e-01;
22, -2.886751345948128100e-01 8.660254037844387076e-01 4.082482904638631283e-01;
23, -3.826834323650897263e-01 -9.238795325112868495e-01 6.627740717550707104e-17;
24, 2.886751345948129766e-01 -8.660254037844387076e-01 4.082482904638631283e-01;
25, -2.886751345948128100e-01 -8.660254037844387076e-01 4.082482904638631283e-01;
26, -1.000000000000000000e+00 0.000000000000000000e+00 8.659560562354934091e-17;
27, -6.532814824381882879e-01 6.532814824381882879e-01 3.826834323650898928e-01;
28, -8.535533905932737309e-01 1.464466094067262969e-01 5.000000000000002220e-01;
29, -6.532814824381882879e-01 -6.532814824381882879e-01 3.826834323650898928e-01;
30, 5.773502691896257311e-01 0.000000000000000000e+00 8.164965809277260345e-01;
31, 6.409875621278547287e-17 5.773502691896257311e-01 8.164965809277261455e-01;
32, 7.850462293418874601e-17 -7.850462293418874601e-17 1.000000000000000000e+00;
33, 6.409875621278547287e-17 -5.773502691896257311e-01 8.164965809277261455e-01;
34, -5.773502691896256200e-01 0.000000000000000000e+00 8.164965809277261455e-01;
35, 9.238795325112868495e-01 3.826834323650897263e-01 6.285005240398080327e-17;
36, 7.071067811865475727e-01 7.071067811865474617e-01 6.829580092047210425e-17;
37, 8.224694227111045697e-01 5.336733099711332695e-01 1.968167851828627468e-01;
38, 9.238795325112868495e-01 -3.826834323650897263e-01 6.285005240398080327e-17;
39, 7.071067811865475727e-01 -7.071067811865474617e-01 6.829580092047210425e-17;
40, 8.224694227111045697e-01 -5.336733099711332695e-01 1.968167851828627468e-01;
41, 9.914448613738103822e-01 1.305261922200515456e-01 6.285005240398080327e-17;
42, 9.914448613738103822e-01 -1.305261922200515456e-01 6.285005240398080327e-17;
43, 9.659258262890683122e-01 1.494292453613422222e-01 2.113248654051871900e-01;
44, 9.659258262890683122e-01 -1.494292453613422222e-01 2.113248654051871900e-01;
45, 2.588190451025209060e-01 9.659258262890683122e-01 6.829580092047211657e-17;
46, -1.950903220161281926e-01 9.807852804032304306e-01 6.500390538102876156e-17;
47, 1.494292453613423333e-01 9.659258262890683122e-01 2.113248654051871900e-01;
48, -1.494292453613421945e-01 9.659258262890683122e-01 2.113248654051871900e-01;
49, 2.588190451025209060e-01 -9.659258262890683122e-01 6.829580092047211657e-17;
50, -1.950903220161281926e-01 -9.807852804032304306e-01 6.500390538102876156e-17;
51, 1.494292453613423333e-01 -9.659258262890683122e-01 2.113248654051871900e-01;
52, -1.494292453613421945e-01 -9.659258262890683122e-01 2.113248654051871900e-01;
53, -5.555702330196021776e-01 8.314696123025453467e-01 6.500390538102876156e-17;
54, -9.238795325112867385e-01 3.826834323650897818e-01 8.000390764101652136e-17;
55, -6.935199226610737622e-01 6.935199226610737622e-01 1.950903220161283591e-01;
56, -8.446231986207330955e-01 4.619397662556434803e-01 2.705980500730986726e-01;
57, -5.555702330196021776e-01 -8.314696123025453467e-01 6.500390538102876156e-17;
58, -9.238795325112867385e-01 -3.826834323650897818e-01 8.000390764101652136e-17;
59, -6.935199226610737622e-01 -6.935199226610737622e-01 1.950903220161283591e-01;
60, 6.355531747734863846e-01 5.336733099711332695e-01 5.579112476548550026e-01;
61, 7.071067811865475727e-01 4.082482904638629062e-01 5.773502691896257311e-01;
62, 4.082482904638630727e-01 7.071067811865474617e-01 5.773502691896257311e-01;
63, 5.576775358252051840e-01 2.588190451025206840e-01 7.886751345948129766e-01;
64, 2.588190451025207950e-01 5.576775358252051840e-01 7.886751345948128655e-01;
65, 2.705980500730985616e-01 2.705980500730983951e-01 9.238795325112867385e-01;
66, 6.355531747734863846e-01 -5.336733099711332695e-01 5.579112476548550026e-01;
67, 7.071067811865475727e-01 -4.082482904638629062e-01 5.773502691896257311e-01;
68, 4.082482904638630727e-01 -7.071067811865474617e-01 5.773502691896257311e-01;
69, 5.576775358252051840e-01 -2.588190451025206840e-01 7.886751345948129766e-01;
70, 2.588190451025207950e-01 -5.576775358252051840e-01 7.886751345948128655e-01;
71, -4.082482904638629062e-01 7.071067811865475727e-01 5.773502691896257311e-01;
72, -5.879378012096793116e-01 5.879378012096793116e-01 5.555702330196022887e-01;
73, -2.588190451025206840e-01 5.576775358252051840e-01 7.886751345948129766e-01;
74, -5.576775358252051840e-01 2.588190451025207950e-01 7.886751345948130876e-01;
75, -4.082482904638629062e-01 -7.071067811865475727e-01 5.773502691896257311e-01;
76, -7.325378163287418198e-01 -1.913417161825448909e-01 6.532814824381885099e-01;
77, -5.879378012096793116e-01 -5.879378012096793116e-01 5.555702330196022887e-01;
78, -2.705980500730983951e-01 -2.705980500730985616e-01 9.238795325112867385e-01;
79, -2.588190451025206840e-01 -5.576775358252051840e-01 7.886751345948129766e-01;
80, -5.576775358252051840e-01 -2.588190451025207950e-01 7.886751345948130876e-01;
81, 8.867836402212404545e-01 4.167606401924376924e-01 1.998132733888195456e-01;
82, 9.370059049320078604e-01 2.800321705462230359e-01 2.088107219031634931e-01;
83, 6.480130777729496971e-01 7.347165835461721972e-01 2.006753420265425525e-01;
84, 4.051860313029480576e-01 8.898502842928541767e-01 2.097397234214182227e-01;
85, 8.135732445300654092e-01 4.211519938104408833e-01 4.009109301257736124e-01;
86, 5.379812555317844414e-01 7.347165835461720862e-01 4.132404996593215252e-01;
87, 8.867836402212404545e-01 -4.167606401924376924e-01 1.998132733888195456e-01;
88, 9.370059049320078604e-01 -2.800321705462230359e-01 2.088107219031634931e-01;
89, 6.480130777729496971e-01 -7.347165835461721972e-01 2.006753420265425525e-01;
90, 4.051860313029480576e-01 -8.898502842928541767e-01 2.097397234214182227e-01;
91, 8.135732445300654092e-01 -4.211519938104408833e-01 4.009109301257736124e-01;
92, 5.379812555317844414e-01 -7.347165835461720862e-01 4.132404996593215252e-01;
93, 9.045340337332908875e-01 0.000000000000000000e+00 4.264014327112209402e-01;
94, 7.537783614444090174e-01 1.507556722888817591e-01 6.396021490668313270e-01;
95, 7.537783614444090174e-01 -1.507556722888817591e-01 6.396021490668313270e-01;
96, -3.434452920146314758e-01 9.156573756229899885e-01 2.088465988715234589e-01;
97, -5.380560256884369119e-01 8.191406634032573075e-01 1.987568534155134958e-01;
98, 8.696925977165650359e-17 9.045340337332908875e-01 4.264014327112209402e-01;
99, 1.507556722888818701e-01 7.537783614444090174e-01 6.396021490668314380e-01;
100, -4.818744875290097984e-01 7.772281801086117214e-01 4.046150445963540565e-01;
101, -1.507556722888817313e-01 7.537783614444090174e-01 6.396021490668314380e-01;
102, -3.434452920146314758e-01 -9.156573756229899885e-01 2.088465988715234589e-01;
103, -5.380560256884369119e-01 -8.191406634032573075e-01 1.987568534155134958e-01;
104, 8.696925977165650359e-17 -9.045340337332908875e-01 4.264014327112209402e-01;
105, 1.507556722888818701e-01 -7.537783614444090174e-01 6.396021490668314380e-01;
106, -4.818744875290097984e-01 -7.772281801086117214e-01 4.046150445963540565e-01;
107, -1.507556722888817313e-01 -7.537783614444090174e-01 6.396021490668314380e-01;
108, -9.626924198811563915e-01 7.606095487113370690e-02 2.596883436880726981e-01;
109, -9.091978559252623660e-01 -3.592625511492017476e-01 2.104511300104447424e-01;
110, -7.845070156137554651e-01 4.163643341845046919e-01 4.595535699696967624e-01;
111, -6.694483280381897661e-01 3.553769806264689413e-01 6.523389745582327537e-01;
112, -8.286616951477535631e-01 -2.787263903716930558e-01 4.854187823984750794e-01;
113, -7.338358160951908848e-01 7.510482372004272100e-02 6.751623956278124394e-01;
114, 3.029054465276863062e-01 -4.118726383854498046e-17 9.530206138714225617e-01;
115, 3.162277660168379967e-01 -3.162277660168379412e-01 8.944271909999159664e-01;
116, 7.481652394048510697e-17 3.029054465276861396e-01 9.530206138714225617e-01;
117, -3.162277660168377746e-01 3.162277660168378857e-01 8.944271909999159664e-01;
118, 7.481652394048511930e-17 -3.029054465276863062e-01 9.530206138714225617e-01;
119, -3.029054465276860841e-01 -4.118726383854497430e-17 9.530206138714225617e-01;
120, 8.968727415326883667e-01 4.422886902190011904e-01 6.217431616416905605e-17;
121, 7.933533402912351651e-01 6.087614290087205449e-01 6.532291704974755494e-17;
122, 8.486900371810986998e-01 5.195563682556689766e-01 9.892624017178119900e-02;
123, 8.968727415326883667e-01 -4.422886902190011904e-01 6.217431616416905605e-17;
124, 7.933533402912351651e-01 -6.087614290087205449e-01 6.532291704974755494e-17;
125, 8.486900371810986998e-01 -5.195563682556689766e-01 9.892624017178119900e-02;
126, 9.978589232386035901e-01 6.540312923014304780e-02 6.217431616416905605e-17;
127, 9.978589232386035901e-01 -6.540312923014304780e-02 6.217431616416905605e-17;
128, 9.914448613738103822e-01 7.535933221454359232e-02 1.065741896691873303e-01;
129, 9.914448613738103822e-01 -7.535933221454359232e-02 1.065741896691873303e-01;
130, 1.305261922200516567e-01 9.914448613738103822e-01 6.532291704974756726e-17;
131, -9.801714032956053424e-02 9.951847266721968177e-01 6.342352427399003135e-17;
132, 7.535933221454367559e-02 9.914448613738103822e-01 1.065741896691873303e-01;
133, -7.535933221454355069e-02 9.914448613738103822e-01 1.065741896691873303e-01;
134, 1.305261922200516567e-01 -9.914448613738103822e-01 6.532291704974756726e-17;
135, -9.801714032956053424e-02 -9.951847266721968177e-01 6.342352427399003135e-17;
136, 7.535933221454367559e-02 -9.914448613738103822e-01 1.065741896691873303e-01;
137, -7.535933221454355069e-02 -9.914448613738103822e-01 1.065741896691873303e-01;
138, -6.343932841636453768e-01 7.730104533627369934e-01 6.342352427399003135e-17;
139, -8.314696123025452357e-01 5.555702330196022887e-01 7.200161463491668087e-17;
140, -7.037018687631911851e-01 7.037018687631912961e-01 9.801714032956067302e-02;
141, -7.910650836691377474e-01 5.959747616530095549e-01 1.379496896414716123e-01;
142, -6.343932841636453768e-01 -7.730104533627369934e-01 6.342352427399003135e-17;
143, -8.314696123025452357e-01 -5.555702330196022887e-01 7.200161463491668087e-17;
144, -7.037018687631911851e-01 -7.037018687631912961e-01 9.801714032956067302e-02;
145, 5.707643582893552336e-01 5.195563682556689766e-01 6.358374222326964587e-01;
146, 6.087614290087206559e-01 4.580427645796333325e-01 6.477702898153843147e-01;
147, 4.580427645796334435e-01 6.087614290087206559e-01 6.477702898153842037e-01;
148, 5.334020967941769387e-01 3.826834323650896708e-01 7.543444794845716173e-01;
149, 3.826834323650897818e-01 5.334020967941769387e-01 7.543444794845716173e-01;
150, 3.928474791935510635e-01 3.928474791935508970e-01 8.314696123025452357e-01;
151, 5.707643582893552336e-01 -5.195563682556689766e-01 6.358374222326964587e-01;
152, 6.087614290087206559e-01 -4.580427645796333325e-01 6.477702898153843147e-01;
153, 4.580427645796334435e-01 -6.087614290087206559e-01 6.477702898153842037e-01;
154, 5.334020967941769387e-01 -3.826834323650896708e-01 7.543444794845716173e-01;
155, 3.826834323650897818e-01 -5.334020967941769387e-01 7.543444794845716173e-01;
156, -4.580427645796333325e-01 6.087614290087206559e-01 6.477702898153843147e-01;
157, -5.466009335008786829e-01 5.466009335008786829e-01 6.343932841636455988e-01;
158, -3.826834323650896708e-01 5.334020967941769387e-01 7.543444794845716173e-01;
159, -5.334020967941769387e-01 3.826834323650897818e-01 7.543444794845716173e-01;
160, -4.580427645796333325e-01 -6.087614290087206559e-01 6.477702898153843147e-01;
161, -6.283423298430866888e-01 -3.524429505601436863e-01 6.935199226610738732e-01;
162, -5.466009335008786829e-01 -5.466009335008786829e-01 6.343932841636455988e-01;
163, -3.928474791935508970e-01 -3.928474791935510635e-01 8.314696123025452357e-01;
164, -3.826834323650896708e-01 -5.334020967941769387e-01 7.543444794845716173e-01;
165, -5.334020967941769387e-01 -3.826834323650897818e-01 7.543444794845716173e-01;
166, 9.469301294951057990e-01 3.214394653031615312e-01 6.325665507048314632e-17;
167, 9.807852804032304306e-01 1.950903220161282481e-01 6.325665507048314632e-17;
168, 9.347032075534676965e-01 3.408340650369567348e-01 1.008070131471141967e-01;
169, 9.568499313075530255e-01 2.709502081546777408e-01 1.049961602043990722e-01;
170, 6.087614290087207669e-01 7.933533402912351651e-01 7.010012470227408029e-17;
171, 3.826834323650898928e-01 9.238795325112867385e-01 7.010012470227408029e-17;
172, 5.797913094899000974e-01 8.084370387054388152e-01 1.013488622983387544e-01;
173, 4.556532103539379097e-01 8.838739956064127767e-01 1.055789362747372451e-01;
174, 7.876380736226094026e-01 5.422030296960330675e-01 2.926467829457684577e-01;
175, 6.936881515247299568e-01 5.422030296960329565e-01 4.741440952101437789e-01;
176, 8.230231292210661298e-01 4.852424661161231501e-01 2.952501953339019547e-01;
177, 7.033039623342882685e-01 6.463351052746884040e-01 2.959974125806633660e-01;
178, 7.810568024137519716e-01 4.843380307524521866e-01 3.941661367622057988e-01;
179, 6.477336073113969528e-01 6.463351052746884040e-01 4.033510947659900148e-01;
180, 9.469301294951057990e-01 -3.214394653031615312e-01 6.325665507048314632e-17;
181, 9.807852804032304306e-01 -1.950903220161282481e-01 6.325665507048314632e-17;
182, 9.347032075534676965e-01 -3.408340650369567348e-01 1.008070131471141967e-01;
183, 9.568499313075530255e-01 -2.709502081546777408e-01 1.049961602043990722e-01;
184, 6.087614290087207669e-01 -7.933533402912351651e-01 7.010012470227408029e-17;
185, 3.826834323650898928e-01 -9.238795325112867385e-01 7.010012470227408029e-17;
186, 5.797913094899000974e-01 -8.084370387054388152e-01 1.013488622983387544e-01;
187, 4.556532103539379097e-01 -8.838739956064127767e-01 1.055789362747372451e-01;
188, 7.876380736226094026e-01 -5.422030296960330675e-01 2.926467829457684577e-01;
189, 6.936881515247299568e-01 -5.422030296960329565e-01 4.741440952101437789e-01;
190, 8.230231292210661298e-01 -4.852424661161231501e-01 2.952501953339019547e-01;
191, 7.033039623342882685e-01 -6.463351052746884040e-01 2.959974125806633660e-01;
192, 7.810568024137519716e-01 -4.843380307524521866e-01 3.941661367622057988e-01;
193, 6.477336073113969528e-01 -6.463351052746884040e-01 4.033510947659900148e-01;
194, 9.238795325112867385e-01 2.209423826903944565e-01 3.124597141037825376e-01;
195, 7.933533402912351651e-01 3.514685749104460299e-01 4.970516253862969913e-01;
196, 9.066170664901629372e-01 2.859627263186796386e-01 3.102753839819707982e-01;
197, 8.419442978687432522e-01 3.558200667957674423e-01 4.056129674354168602e-01;
198, 8.948550916160835644e-01 1.458987529824396223e-01 4.218387356406946287e-01;
199, 8.186619528379560640e-01 2.220918917605670118e-01 5.295921058604978748e-01;
200, 9.238795325112867385e-01 -2.209423826903944565e-01 3.124597141037825376e-01;
201, 7.933533402912351651e-01 -3.514685749104460299e-01 4.970516253862969913e-01;
202, 9.066170664901629372e-01 -2.859627263186796386e-01 3.102753839819707982e-01;
203, 8.419442978687432522e-01 -3.558200667957674423e-01 4.056129674354168602e-01;
204, 8.948550916160835644e-01 -1.458987529824396223e-01 4.218387356406946287e-01;
205, 8.186619528379560640e-01 -2.220918917605670118e-01 5.295921058604978748e-01;
206, -2.902846772544622755e-01 9.569403357322088244e-01 6.595826334449889083e-17;
207, -4.713967368259975310e-01 8.819212643483550496e-01 6.595826334449889083e-17;
208, -3.651343403286131384e-01 9.250124294910814227e-01 1.050186592934593821e-01;
209, -4.647245704897851049e-01 8.797540985305719596e-01 1.003184913251062155e-01;
210, 2.209423826903945676e-01 9.238795325112867385e-01 3.124597141037825376e-01;
211, 3.514685749104461410e-01 7.933533402912351651e-01 4.970516253862969913e-01;
212, 3.492763441412723990e-01 8.838739956064127767e-01 3.110832610637583873e-01;
213, 4.174936681553080287e-01 8.084370387054387042e-01 4.148838289201043916e-01;
214, 1.458987529824397611e-01 8.948550916160835644e-01 4.218387356406946287e-01;
215, 2.220918917605671783e-01 8.186619528379560640e-01 5.295921058604978748e-01;
216, -2.209423826903944288e-01 9.238795325112867385e-01 3.124597141037825376e-01;
217, -3.514685749104460299e-01 7.933533402912351651e-01 4.970516253862969913e-01;
218, -3.178622016026759756e-01 8.959204401251331662e-01 3.103065996047897346e-01;
219, -1.458987529824395668e-01 8.948550916160835644e-01 4.218387356406946287e-01;
220, -3.874714200364189343e-01 8.263112216913902630e-01 4.087489003799802401e-01;
221, -2.220918917605669840e-01 8.186619528379560640e-01 5.295921058604978748e-01;
222, -2.902846772544622755e-01 -9.569403357322088244e-01 6.595826334449889083e-17;
223, -4.713967368259975310e-01 -8.819212643483550496e-01 6.595826334449889083e-17;
224, -3.651343403286131384e-01 -9.250124294910814227e-01 1.050186592934593821e-01;
225, -4.647245704897851049e-01 -8.797540985305719596e-01 1.003184913251062155e-01;
226, 2.209423826903945676e-01 -9.238795325112867385e-01 3.124597141037825376e-01;
227, 3.514685749104461410e-01 -7.933533402912351651e-01 4.970516253862969913e-01;
228, 3.492763441412723990e-01 -8.838739956064127767e-01 3.110832610637583873e-01;
229, 4.174936681553080287e-01 -8.084370387054387042e-01 4.148838289201043916e-01;
230, 1.458987529824397611e-01 -8.948550916160835644e-01 4.218387356406946287e-01;
231, 2.220918917605671783e-01 -8.186619528379560640e-01 5.295921058604978748e-01;
232, -2.209423826903944288e-01 -9.238795325112867385e-01 3.124597141037825376e-01;
233, -3.514685749104460299e-01 -7.933533402912351651e-01 4.970516253862969913e-01;
234, -3.178622016026759756e-01 -8.959204401251331662e-01 3.103065996047897346e-01;
235, -1.458987529824395668e-01 -8.948550916160835644e-01 4.218387356406946287e-01;
236, -3.874714200364189343e-01 -8.263112216913902630e-01 4.087489003799802401e-01;
237, -2.220918917605669840e-01 -8.186619528379560640e-01 5.295921058604978748e-01;
238, -9.807852804032304306e-01 1.950903220161282758e-01 8.493169534318040003e-17;
239, -9.807852804032304306e-01 -1.950903220161282758e-01 8.493169534318040003e-17;
240, -9.906291990147364501e-01 3.839022458997912168e-02 1.310724254576559056e-01;
241, -9.770357864288448102e-01 -1.838533225391565384e-01 1.076987828560829613e-01;
242, -6.766590005871762070e-01 6.766590005871762070e-01 2.902846772544624421e-01;
243, -6.236125064933355500e-01 6.236125064933355500e-01 4.713967368259978086e-01;
244, -6.013034490157921352e-01 7.431752200045650403e-01 2.934701936702927560e-01;
245, -5.708139787723225389e-01 7.193327910473719111e-01 3.958935934845478899e-01;
246, -7.261242184679315148e-01 5.402016594825932438e-01 4.253537192109502763e-01;
247, -6.751541792091096950e-01 5.148443554677883949e-01 5.283011678384128551e-01;
248, -8.657229177194804004e-01 3.101526846998783338e-01 3.928474791935512855e-01;
249, -8.085822853448235703e-01 -2.288732695772148495e-02 5.879378012096795336e-01;
250, -9.167132425941202367e-01 1.123061810105952796e-01 3.834372863447021995e-01;
251, -8.272672467973590793e-01 2.842355861895463631e-01 4.846019334668428269e-01;
252, -8.608769039513268773e-01 -6.769444006163860550e-02 5.042900148009271666e-01;
253, -7.987126857981277084e-01 1.114760888189878646e-01 5.912961416809366932e-01;
254, -6.766590005871762070e-01 -6.766590005871762070e-01 2.902846772544624421e-01;
255, -6.236125064933355500e-01 -6.236125064933355500e-01 4.713967368259978086e-01;
256, -6.013034490157921352e-01 -7.431752200045650403e-01 2.934701936702927560e-01;
257, -5.708139787723225389e-01 -7.193327910473719111e-01 3.958935934845478899e-01;
258, -7.996018979378717306e-01 -5.181714158538301973e-01 3.035377877731049168e-01;
259, -7.583873580529633118e-01 -4.769568759689220006e-01 4.442530288151256279e-01;
260, 5.724109576008404865e-01 1.305261922200515456e-01 8.095113394900794734e-01;
261, 5.724109576008404865e-01 -1.305261922200515456e-01 8.095113394900794734e-01;
262, 6.727631998555164694e-01 7.619313877812738944e-02 7.359241010615860112e-01;
263, 6.727631998555164694e-01 -7.619313877812738944e-02 7.359241010615860112e-01;
264, 4.453899798559148304e-01 -2.083984719874397327e-17 8.953366773699980019e-01;
265, 4.568510775761313036e-01 -1.616747390516432570e-01 8.747275985528928377e-01;
266, 1.305261922200516289e-01 5.724109576008404865e-01 8.095113394900794734e-01;
267, -1.305261922200515179e-01 5.724109576008404865e-01 8.095113394900795845e-01;
268, 7.619313877812745883e-02 6.727631998555163584e-01 7.359241010615861223e-01;
269, -7.619313877812734781e-02 6.727631998555163584e-01 7.359241010615860112e-01;
270, 7.028806825608109157e-17 4.453899798559146639e-01 8.953366773699980019e-01;
271, -1.616747390516431460e-01 4.568510775761312481e-01 8.747275985528928377e-01;
272, 1.379496896414715845e-01 1.379496896414714180e-01 9.807852804032304306e-01;
273, -1.379496896414714180e-01 -1.379496896414715845e-01 9.807852804032304306e-01;
274, 1.532634759630902843e-01 -6.056145513941122289e-17 9.881853606159682890e-01;
275, 7.757711912424190854e-17 1.532634759630901733e-01 9.881853606159682890e-01;
276, 7.757711912424190854e-17 -1.532634759630902843e-01 9.881853606159682890e-01;
277, -1.532634759630901455e-01 -6.056145513941122289e-17 9.881853606159682890e-01;
278, 1.305261922200516289e-01 -5.724109576008404865e-01 8.095113394900794734e-01;
279, -1.305261922200515179e-01 -5.724109576008404865e-01 8.095113394900795845e-01;
280, 7.619313877812745883e-02 -6.727631998555163584e-01 7.359241010615861223e-01;
281, -7.619313877812734781e-02 -6.727631998555163584e-01 7.359241010615860112e-01;
282, 1.616747390516433125e-01 -4.568510775761312481e-01 8.747275985528927267e-01;
283, 7.028806825608109157e-17 -4.453899798559147749e-01 8.953366773699980019e-01;
284, -5.724109576008404865e-01 1.305261922200515734e-01 8.095113394900795845e-01;
285, -5.724109576008404865e-01 -1.305261922200515734e-01 8.095113394900795845e-01;
286, -6.363970002666300418e-01 1.813932458196157171e-01 7.497301837478996811e-01;
287, -6.597379869702619803e-01 3.778983453904957712e-02 7.505449466580517148e-01;
288, -4.568510775761311371e-01 1.616747390516432292e-01 8.747275985528928377e-01;
289, -4.453899798559146084e-01 -2.083984719874397019e-17 8.953366773699981129e-01;
290, 8.811204325342738564e-01 4.623478295952418993e-01 9.930391653496593862e-02;
291, 9.101755406250918723e-01 4.018607391464626422e-01 1.004411846827810845e-01;
292, 7.727620857483805672e-01 6.268584780246965193e-01 9.943443748708900853e-02;
293, 6.813627477393344734e-01 7.249578131807316028e-01 1.009008181399713294e-01;
294, 8.565359371728823445e-01 4.762787043526868214e-01 1.987581045177732597e-01;
295, 7.418422562208872861e-01 6.398887576458121007e-01 2.005304084761277694e-01;
296, 8.811204325342738564e-01 -4.623478295952418993e-01 9.930391653496593862e-02;
297, 9.101755406250918723e-01 -4.018607391464626422e-01 1.004411846827810845e-01;
298, 7.727620857483805672e-01 -6.268584780246965193e-01 9.943443748708900853e-02;
299, 6.813627477393344734e-01 -7.249578131807316028e-01 1.009008181399713294e-01;
300, 8.565359371728823445e-01 -4.762787043526868214e-01 1.987581045177732597e-01;
301, 7.418422562208872861e-01 -6.398887576458121007e-01 2.005304084761277694e-01;
302, 9.843203112830710699e-01 1.407836671931234351e-01 1.062708043032230820e-01;
303, 9.726407919059559815e-01 2.070707834815815329e-01 1.053165730019677421e-01;
304, 9.843203112830710699e-01 -1.407836671931234351e-01 1.062708043032230820e-01;
305, 9.726407919059559815e-01 -2.070707834815815329e-01 1.053165730019677421e-01;
306, 9.768939805810005206e-01 0.000000000000000000e+00 2.137244738082368090e-01;
307, 9.536019192432557690e-01 2.152127812738658108e-01 2.105393986691004582e-01;
308, 9.438051294655065426e-01 7.539968714565660479e-02 3.217868312609071246e-01;
309, 9.536019192432557690e-01 -2.152127812738658108e-01 2.105393986691004582e-01;
310, 9.438051294655065426e-01 -7.539968714565660479e-02 3.217868312609071246e-01;
311, 2.055844670227725268e-01 9.728361431987275765e-01 1.064183508854893295e-01;
312, 3.349974674784019779e-01 9.362583500374312973e-01 1.058158720053076068e-01;
313, -1.732800262019149051e-01 9.791204434133382595e-01 1.062882392813593591e-01;
314, -2.716507111204909397e-01 9.566126783201571726e-01 1.053474006554835501e-01;
315, 7.017685522147516454e-17 9.768939805810005206e-01 2.137244738082368090e-01;
316, 2.798091757267177626e-01 9.362583500374312973e-01 2.124314646287629726e-01;
317, 7.539968714565670194e-02 9.438051294655065426e-01 3.217868312609071246e-01;
318, -2.476842559247437459e-01 9.455520624117418338e-01 2.111487784381134158e-01;
319, -7.539968714565654928e-02 9.438051294655065426e-01 3.217868312609071246e-01;
320, 2.055844670227725268e-01 -9.728361431987275765e-01 1.064183508854893295e-01;
321, 3.349974674784019779e-01 -9.362583500374312973e-01 1.058158720053076068e-01;
322, -1.732800262019149051e-01 -9.791204434133382595e-01 1.062882392813593591e-01;
323, -2.716507111204909397e-01 -9.566126783201571726e-01 1.053474006554835501e-01;
324, 7.017685522147516454e-17 -9.768939805810005206e-01 2.137244738082368090e-01;
325, 2.798091757267177626e-01 -9.362583500374312973e-01 2.124314646287629726e-01;
326, 7.539968714565670194e-02 -9.438051294655065426e-01 3.217868312609071246e-01;
327, -2.476842559247437459e-01 -9.455520624117418338e-01 2.111487784381134158e-01;
328, -7.539968714565654928e-02 -9.438051294655065426e-01 3.217868312609071246e-01;
329, -6.305738446239763650e-01 7.698551699411299021e-01 9.848676962440883198e-02;
330, -5.495653080559275150e-01 8.294590015789924387e-01 9.987861072809535445e-02;
331, -8.938887595217617221e-01 4.269143439745294311e-01 1.367736396731597526e-01;
332, -9.631087160100226807e-01 2.341923493602202366e-01 1.325727899935204568e-01;
333, -7.770940167922198993e-01 5.837563478186073018e-01 2.352730657070928044e-01;
334, -6.188873118761323289e-01 7.601369977587876248e-01 1.979147287015084189e-01;
335, -7.537652921367749004e-01 5.660196099508816303e-01 3.338557855137667119e-01;
336, -9.226477805698491963e-01 2.746532848003938043e-01 2.707150645196630956e-01;
337, -8.188129983863910999e-01 4.414421927067314622e-01 3.669796508960147530e-01;
338, -6.305738446239763650e-01 -7.698551699411299021e-01 9.848676962440883198e-02;
339, -5.495653080559275150e-01 -8.294590015789924387e-01 9.987861072809535445e-02;
340, -8.283737480652135776e-01 -5.511925974949565266e-01 9.991823648940689750e-02;
341, -9.217444015107506550e-01 -3.730800242487187779e-01 1.058232195227655076e-01;
342, -6.188873118761323289e-01 -7.601369977587876248e-01 1.979147287015084189e-01;
343, -8.177217642336314096e-01 -5.371395721321069461e-01 2.069110831936616657e-01;
344, 6.731185779100710143e-01 4.722155638686935664e-01 5.691430763107776514e-01;
345, 5.273422764610439240e-01 6.268584780246964083e-01 5.735491016342411097e-01;
346, 7.308947185211220887e-01 4.815844651977825297e-01 4.836003652997952207e-01;
347, 5.920352192181671525e-01 6.398887576458121007e-01 4.899353804776666044e-01;
348, 6.395730150258311930e-01 3.373209655551693276e-01 6.907683581691450581e-01;
349, 7.644245874614767899e-01 4.169279266018111052e-01 4.917582272864032267e-01;
350, 7.371400587867003029e-01 2.820647578244628861e-01 6.140553770836691960e-01;
351, 3.373209655551694941e-01 6.395730150258310820e-01 6.907683581691450581e-01;
352, 4.757701388471847759e-01 7.249578131807314918e-01 4.980752393861214156e-01;
353, 2.820647578244629972e-01 7.371400587867001919e-01 6.140553770836691960e-01;
354, 4.194584772785735494e-01 2.681094219948148560e-01 8.672784579803345384e-01;
355, 6.617403716410436010e-01 2.066650706788062120e-01 7.206866372437451540e-01;
356, 4.391018438943547486e-01 1.320592229569447773e-01 8.886787565372459285e-01;
357, 2.681094219948150226e-01 4.194584772785734383e-01 8.672784579803345384e-01;
358, 2.066650706788063230e-01 6.617403716410436010e-01 7.206866372437451540e-01;
359, 1.320592229569448883e-01 4.391018438943546931e-01 8.886787565372459285e-01;
360, 2.894827385607431913e-01 1.365875971962651481e-01 9.473877624117398311e-01;
361, 1.365875971962652868e-01 2.894827385607430248e-01 9.473877624117398311e-01;
362, 6.731185779100710143e-01 -4.722155638686935664e-01 5.691430763107776514e-01;
363, 5.273422764610439240e-01 -6.268584780246964083e-01 5.735491016342411097e-01;
364, 7.308947185211220887e-01 -4.815844651977825297e-01 4.836003652997952207e-01;
365, 5.920352192181671525e-01 -6.398887576458121007e-01 4.899353804776666044e-01;
366, 6.395730150258311930e-01 -3.373209655551693276e-01 6.907683581691450581e-01;
367, 7.644245874614767899e-01 -4.169279266018111052e-01 4.917582272864032267e-01;
368, 7.371400587867003029e-01 -2.820647578244628861e-01 6.140553770836691960e-01;
369, 3.373209655551694941e-01 -6.395730150258310820e-01 6.907683581691450581e-01;
370, 4.757701388471847759e-01 -7.249578131807314918e-01 4.980752393861214156e-01;
371, 2.820647578244629972e-01 -7.371400587867001919e-01 6.140553770836691960e-01;
372, 4.176812542920850801e-01 -4.176812542920849691e-01 8.068982213550734972e-01;
373, 6.617403716410436010e-01 -2.066650706788062120e-01 7.206866372437451540e-01;
374, 4.409827553437585257e-01 -2.901752932320483813e-01 8.493129627452541408e-01;
375, 2.066650706788063230e-01 -6.617403716410436010e-01 7.206866372437451540e-01;
376, 2.901752932320484368e-01 -4.409827553437584702e-01 8.493129627452541408e-01;
377, -5.010431000513990707e-01 6.513573695638541494e-01 5.698152235643940688e-01;
378, -3.373209655551693276e-01 6.395730150258311930e-01 6.907683581691450581e-01;
379, -4.473134260953969266e-01 7.459228922410887641e-01 4.934670583387377185e-01;
380, -2.820647578244628861e-01 7.371400587867003029e-01 6.140553770836691960e-01;
381, -5.848915333310440445e-01 4.323099509822825315e-01 6.863016833138008144e-01;
382, -5.396398333364555988e-01 6.886235561041925690e-01 4.843412518617615237e-01;
383, -6.342748795829703523e-01 4.758449737439497396e-01 6.093167797563334709e-01;
384, -4.176812542920849691e-01 4.176812542920850246e-01 8.068982213550734972e-01;
385, -2.066650706788061842e-01 6.617403716410436010e-01 7.206866372437451540e-01;
386, -2.901752932320483813e-01 4.409827553437585257e-01 8.493129627452542518e-01;
387, -6.166853827472420502e-01 3.086608491944243249e-01 7.241737490964887947e-01;
388, -4.409827553437584147e-01 2.901752932320484368e-01 8.493129627452542518e-01;
389, -5.010431000513990707e-01 -6.513573695638541494e-01 5.698152235643940688e-01;
390, -3.373209655551693276e-01 -6.395730150258311930e-01 6.907683581691450581e-01;
391, -4.473134260953969266e-01 -7.459228922410887641e-01 4.934670583387377185e-01;
392, -2.820647578244628861e-01 -7.371400587867003029e-01 6.140553770836691960e-01;
393, -6.763000525510018957e-01 -3.991189019807449001e-01 6.191303101942244869e-01;
394, -6.494623683961492366e-01 -2.265997484025658870e-01 7.258451529501028787e-01;
395, -7.850333643426476993e-01 -2.363689870806159332e-01 5.725838967481949870e-01;
396, -7.398264243269666585e-01 -5.864475644127628562e-02 6.702370136075135321e-01;
397, -5.396398333364555988e-01 -6.886235561041925690e-01 4.843412518617615237e-01;
398, -7.227624569034337698e-01 -4.421802648019092508e-01 5.311224381539774164e-01;
399, -2.681094219948148560e-01 -4.194584772785735494e-01 8.672784579803345384e-01;
400, -4.194584772785734383e-01 -2.681094219948149671e-01 8.672784579803345384e-01;
401, -1.365875971962651481e-01 -2.894827385607431913e-01 9.473877624117398311e-01;
402, -2.894827385607429693e-01 -1.365875971962652868e-01 9.473877624117398311e-01;
403, -2.066650706788061842e-01 -6.617403716410436010e-01 7.206866372437451540e-01;
404, -1.320592229569447773e-01 -4.391018438943547486e-01 8.886787565372459285e-01;
405, -6.586801321093354034e-01 -9.369543677627645284e-02 7.465665735162076988e-01;
406, -4.391018438943545821e-01 -1.320592229569448606e-01 8.886787565372459285e-01;
407, 9.143321913475194185e-01 3.493276399412318933e-01 2.048581065975478011e-01;
408, 8.550900027780834467e-01 4.213766668413887473e-01 3.020973217203665184e-01;
409, 8.832810989347863462e-01 3.537930401141466397e-01 3.076442507692057071e-01;
410, 5.321572645938826840e-01 8.208562398971482876e-01 2.073732845905464639e-01;
411, 5.972900072507733027e-01 7.400353630539641125e-01 3.091800586518457239e-01;
412, 4.765607178084265150e-01 8.208562398971481766e-01 3.147775653756675895e-01;
413, 9.143321913475194185e-01 -3.493276399412318933e-01 2.048581065975478011e-01;
414, 8.550900027780834467e-01 -4.213766668413887473e-01 3.020973217203665184e-01;
415, 8.832810989347863462e-01 -3.537930401141466397e-01 3.076442507692057071e-01;
416, 5.321572645938826840e-01 -8.208562398971482876e-01 2.073732845905464639e-01;
417, 5.972900072507733027e-01 -7.400353630539641125e-01 3.091800586518457239e-01;
418, 4.765607178084265150e-01 -8.208562398971481766e-01 3.147775653756675895e-01;
419, 8.387421368293256352e-01 7.624928516630230524e-02 5.391638660171921282e-01;
420, 8.387421368293256352e-01 -7.624928516630230524e-02 5.391638660171921282e-01;
421, 7.624928516630232744e-01 0.000000000000000000e+00 6.469966392206305539e-01;
422, -4.433794123755389616e-01 8.725724167241565299e-01 2.050172535512233829e-01;
423, -4.166714639046995017e-01 8.546712682929322735e-01 3.097126318413008228e-01;
424, -5.130068243035359465e-01 8.029450047961596004e-01 3.034852838127349295e-01;
425, 7.624928516630238851e-02 8.387421368293256352e-01 5.391638660171921282e-01;
426, -7.624928516630224973e-02 8.387421368293256352e-01 5.391638660171922393e-01;
427, 5.615291996484397214e-17 7.624928516630232744e-01 6.469966392206305539e-01;
428, -4.433794123755389616e-01 -8.725724167241565299e-01 2.050172535512233829e-01;
429, -4.166714639046995017e-01 -8.546712682929322735e-01 3.097126318413008228e-01;
430, -5.130068243035359465e-01 -8.029450047961596004e-01 3.034852838127349295e-01;
431, 7.624928516630238851e-02 -8.387421368293256352e-01 5.391638660171921282e-01;
432, -7.624928516630224973e-02 -8.387421368293256352e-01 5.391638660171922393e-01;
433, 5.615291996484397214e-17 -7.624928516630232744e-01 6.469966392206305539e-01;
434, -9.596021618030864397e-01 -1.451799111982902679e-01 2.410113782527699144e-01;
435, -9.183162622050853319e-01 -1.038940116002892433e-01 3.819702565950390261e-01;
436, -8.787137318997700897e-01 -3.225862776819159450e-01 3.518526265670114950e-01;
437, -7.319465375108578087e-01 3.885080691757415439e-01 5.597461446148634945e-01;
438, -7.753828600954641992e-01 2.509820268165803281e-01 5.794734182731933192e-01;
439, -7.090567261263236443e-01 2.175154761941625603e-01 6.707649191416068524e-01;
440, 3.136555158130762133e-01 -1.602023297325455842e-01 9.359249066823137619e-01;
441, 1.550510257216822230e-01 -1.550510257216822230e-01 9.756630355021698175e-01;
442, 1.602023297325456119e-01 -3.136555158130761578e-01 9.359249066823137619e-01;
443, -1.602023297325454176e-01 3.136555158130761023e-01 9.359249066823137619e-01;
444, -1.550510257216820842e-01 1.550510257216821119e-01 9.756630355021699286e-01;
445, -3.136555158130760468e-01 1.602023297325455009e-01 9.359249066823138730e-01;
