6.000000000000000000e+01
9.000000000000000000e+01
1.200000000000000000e+02
-9.000000000000000000e+01
9.000000000000000000e+01
0.000000000000000000e+00
0.000000000000000000e+00
9.000000000000000000e+01
1.800000000000000000e+02
-9.000000000000000000e+01
-4.500000000000000000e+01
9.000000000000000000e+01
-1.350000000000000000e+02
-9.000000000000000000e+01
4.500000000000000000e+01
3.526438999999999879e+01
1.350000000000000000e+02
-3.526438999999999879e+01
-4.500000000000000000e+01
3.526438999999999879e+01
-1.350000000000000000e+02
-3.526438999999999879e+01
7.500000000000000000e+01
9.000000000000000000e+01
3.000000000000000000e+01
9.000000000000000000e+01
5.379397699999999816e+01
5.473561000000000121e+01
1.050000000000000000e+02
-9.000000000000000000e+01
1.500000000000000000e+02
-9.000000000000000000e+01
1.262060230000000018e+02
-5.473561000000000121e+01
7.156505099999999686e+01
3.526438999999999879e+01
1.084349490000000031e+02
-3.526438999999999879e+01
-2.250000000000000000e+01
9.000000000000000000e+01
1.843494899999999959e+01
6.476059800000000166e+01
-1.843494899999999959e+01
6.476059800000000166e+01
-1.575000000000000000e+02
-9.000000000000000000e+01
1.615650510000000111e+02
-6.476059800000000166e+01
-1.615650510000000111e+02
-6.476059800000000166e+01
-9.000000000000000000e+01
0.000000000000000000e+00
-4.500000000000000000e+01
5.963880699999999990e+01
-8.026439000000000590e+01
1.632495000000000118e+01
-1.350000000000000000e+02
-5.963880699999999990e+01
9.000000000000000000e+01
0.000000000000000000e+00
0.000000000000000000e+00
3.526438999999999879e+01
1.350000000000000000e+02
-0.000000000000000000e+00
1.800000000000000000e+02
-3.526438999999999879e+01
-9.000000000000000000e+01
0.000000000000000000e+00
6.750000000000000000e+01
9.000000000000000000e+01
4.500000000000000000e+01
9.000000000000000000e+01
5.702178899999999828e+01
6.975620800000000088e+01
1.125000000000000000e+02
-9.000000000000000000e+01
1.350000000000000000e+02
-9.000000000000000000e+01
1.229782110000000017e+02
-6.975620800000000088e+01
8.250000000000000000e+01
9.000000000000000000e+01
9.750000000000000000e+01
-9.000000000000000000e+01
8.120602300000000184e+01
3.526438999999999879e+01
9.879397699999999816e+01
-3.526438999999999879e+01
1.500000000000000000e+01
9.000000000000000000e+01
-1.125000000000000000e+01
9.000000000000000000e+01
8.793976999999999933e+00
7.765929400000000271e+01
-8.793976999999999933e+00
7.765929400000000271e+01
1.650000000000000000e+02
-9.000000000000000000e+01
-1.687500000000000000e+02
-9.000000000000000000e+01
1.712060229999999876e+02
-7.765929400000000271e+01
-1.712060229999999876e+02
-7.765929400000000271e+01
-3.375000000000000000e+01
9.000000000000000000e+01
-6.750000000000000000e+01
9.000000000000000000e+01
-4.500000000000000000e+01
7.428846500000000219e+01
-6.132495000000000118e+01
5.963880699999999990e+01
-1.462500000000000000e+02
-9.000000000000000000e+01
-1.125000000000000000e+02
-9.000000000000000000e+01
-1.350000000000000000e+02
-7.428846500000000219e+01
4.997985700000000264e+01
4.372799299999999789e+01
6.000000000000000000e+01
3.526438999999999879e+01
3.000000000000000000e+01
5.076847999999999672e+01
6.510390900000000158e+01
1.816825299999999999e+01
2.489609099999999842e+01
3.526438999999999879e+01
4.500000000000000000e+01
1.632495000000000118e+01
1.300201429999999903e+02
-4.372799299999999789e+01
1.200000000000000000e+02
-3.526438999999999879e+01
1.500000000000000000e+02
-5.076847999999999672e+01
1.148960909999999984e+02
-1.816825299999999999e+01
1.551039089999999874e+02
-3.526438999999999879e+01
-3.000000000000000000e+01
5.076847999999999672e+01
-4.500000000000000000e+01
4.662135299999999916e+01
-2.489609099999999842e+01
3.526438999999999879e+01
-6.510390900000000158e+01
1.816825299999999999e+01
-1.500000000000000000e+02
-5.076847999999999672e+01
-1.046388069999999999e+02
-1.632495000000000118e+01
-1.350000000000000000e+02
-4.662135299999999916e+01
-1.350000000000000000e+02
-1.632495000000000118e+01
-1.551039089999999874e+02
-3.526438999999999879e+01
-1.148960909999999984e+02
-1.816825299999999999e+01
6.482793999999999812e+01
6.438490400000000591e+01
7.336077799999999627e+01
5.328932499999999806e+01
4.141198899999999838e+01
7.472324700000000064e+01
2.448175799999999924e+01
7.673732400000000098e+01
6.263133400000000250e+01
4.641046800000000161e+01
3.621269399999999905e+01
6.064447299999999785e+01
1.151720600000000019e+02
-6.438490400000000591e+01
1.066392220000000037e+02
-5.328932499999999806e+01
1.385880109999999945e+02
-7.472324700000000064e+01
1.555182419999999865e+02
-7.673732400000000098e+01
1.173686660000000046e+02
-4.641046800000000161e+01
1.437873060000000009e+02
-6.064447299999999785e+01
9.000000000000000000e+01
0.000000000000000000e+00
7.869006799999999657e+01
1.326267600000000080e+01
1.013099320000000034e+02
-1.326267600000000080e+01
-2.056009200000000092e+01
7.715155400000000441e+01
-3.329907999999999646e+01
7.636129300000000342e+01
0.000000000000000000e+00
6.476059800000000166e+01
1.130993199999999987e+01
4.968445799999999934e+01
-3.179854100000000017e+01
6.249909199999999743e+01
-1.130993199999999987e+01
4.968445799999999934e+01
-1.594399080000000026e+02
-7.715155400000000441e+01
-1.467009199999999964e+02
-7.636129300000000342e+01
1.800000000000000000e+02
-6.476059800000000166e+01
1.686900679999999966e+02
-4.968445799999999934e+01
-1.482014589999999998e+02
-6.249909199999999743e+01
-1.686900679999999966e+02
-4.968445799999999934e+01
-8.548252599999999291e+01
1.632495000000000118e+01
-1.115610729999999933e+02
-5.963880699999999990e+01
-6.204359999999999786e+01
4.217717999999999989e+01
-6.203837999999999653e+01
2.858037699999999859e+01
-1.085907399999999967e+02
-2.986434699999999864e+01
-8.415637900000000116e+01
6.347465999999999831e+00
9.000000000000000000e+01
-0.000000000000000000e+00
1.350000000000000000e+02
-1.947122099999999989e+01
0.000000000000000000e+00
1.763219499999999940e+01
-4.500000000000000000e+01
1.947122099999999989e+01
1.800000000000000000e+02
-1.763219499999999940e+01
-9.000000000000000000e+01
-0.000000000000000000e+00
6.375000000000000000e+01
9.000000000000000000e+01
5.250000000000000000e+01
9.000000000000000000e+01
5.852560499999999877e+01
7.921962700000000268e+01
1.162500000000000000e+02
-9.000000000000000000e+01
1.275000000000000000e+02
-9.000000000000000000e+01
1.214743950000000012e+02
-7.921962700000000268e+01
8.625000000000000000e+01
9.000000000000000000e+01
9.375000000000000000e+01
-9.000000000000000000e+01
8.565332800000000191e+01
3.526438999999999879e+01
9.434667199999999809e+01
-3.526438999999999879e+01
7.500000000000000000e+00
9.000000000000000000e+01
-5.625000000000000000e+00
9.000000000000000000e+01
4.346671999999999869e+00
8.386461699999999553e+01
-4.346671999999999869e+00
8.386461699999999553e+01
1.725000000000000000e+02
-9.000000000000000000e+01
-1.743750000000000000e+02
-9.000000000000000000e+01
1.756533279999999877e+02
-8.386461699999999553e+01
-1.756533279999999877e+02
-8.386461699999999553e+01
-3.937500000000000000e+01
9.000000000000000000e+01
-5.625000000000000000e+01
9.000000000000000000e+01
-4.500000000000000000e+01
8.207041099999999290e+01
-5.300626199999999955e+01
7.696732199999999580e+01
-1.406250000000000000e+02
-9.000000000000000000e+01
-1.237500000000000000e+02
-9.000000000000000000e+01
-1.350000000000000000e+02
-8.207041099999999290e+01
4.768897700000000128e+01
3.925299400000000105e+01
5.304155599999999993e+01
3.526438999999999879e+01
3.695844400000000007e+01
4.322183100000000167e+01
5.434286999999999779e+01
2.689895100000000028e+01
3.565713000000000221e+01
3.526438999999999879e+01
4.500000000000000000e+01
2.528950000000000031e+01
1.323110230000000058e+02
-3.925299400000000105e+01
1.269584440000000001e+02
-3.526438999999999879e+01
1.430415560000000141e+02
-4.322183100000000167e+01
1.256571299999999951e+02
-2.689895100000000028e+01
1.443428700000000049e+02
-3.526438999999999879e+01
-3.695844400000000007e+01
4.322183100000000167e+01
-4.500000000000000000e+01
4.074858499999999850e+01
-3.565713000000000221e+01
3.526438999999999879e+01
-5.434286999999999779e+01
2.689895100000000028e+01
-1.430415560000000141e+02
-4.322183100000000167e+01
-1.192884650000000022e+02
-2.693942300000000145e+01
-1.350000000000000000e+02
-4.074858499999999850e+01
-1.350000000000000000e+02
-2.528950000000000031e+01
-1.443428700000000049e+02
-3.526438999999999879e+01
-1.256571299999999951e+02
-2.689895100000000028e+01
7.125000000000000000e+01
9.000000000000000000e+01
7.875000000000000000e+01
9.000000000000000000e+01
6.996591100000000552e+01
7.352359199999999362e+01
7.418952400000000580e+01
6.881810699999999770e+01
3.750000000000000000e+01
9.000000000000000000e+01
2.250000000000000000e+01
9.000000000000000000e+01
3.564716700000000316e+01
8.285445199999999488e+01
2.727193300000000065e+01
8.318828200000000095e+01
5.545682200000000250e+01
6.164264299999999963e+01
5.198797700000000077e+01
4.883104999999999762e+01
5.947701699999999647e+01
5.868119699999999739e+01
4.741704500000000166e+01
6.539398400000000322e+01
5.819669900000000240e+01
5.086046100000000081e+01
4.506192000000000064e+01
5.803341300000000302e+01
1.087500000000000000e+02
-9.000000000000000000e+01
1.012500000000000000e+02
-9.000000000000000000e+01
1.100340889999999945e+02
-7.352359199999999362e+01
1.058104759999999942e+02
-6.881810699999999770e+01
1.425000000000000000e+02
-9.000000000000000000e+01
1.575000000000000000e+02
-9.000000000000000000e+01
1.443528330000000039e+02
-8.285445199999999488e+01
1.527280670000000100e+02
-8.318828200000000095e+01
1.245431779999999975e+02
-6.164264299999999963e+01
1.280120229999999992e+02
-4.883104999999999762e+01
1.205229829999999964e+02
-5.868119699999999739e+01
1.325829549999999983e+02
-6.539398400000000322e+01
1.218033010000000047e+02
-5.086046100000000081e+01
1.349380800000000136e+02
-5.803341300000000302e+01
7.655052399999999579e+01
3.526438999999999879e+01
6.610586999999999591e+01
3.526438999999999879e+01
7.249382300000000612e+01
4.266495700000000113e+01
6.709024900000000002e+01
4.125854600000000261e+01
8.073987400000000036e+01
1.907865100000000069e+01
7.482174700000000200e+01
2.275142500000000112e+01
1.034494760000000042e+02
-3.526438999999999879e+01
1.138941300000000041e+02
-3.526438999999999879e+01
1.075061769999999939e+02
-4.266495700000000113e+01
1.129097510000000000e+02
-4.125854600000000261e+01
9.926012599999999964e+01
-1.907865100000000069e+01
1.051782529999999980e+02
-2.275142500000000112e+01
-1.687500000000000000e+01
9.000000000000000000e+01
-2.812500000000000000e+01
9.000000000000000000e+01
-2.154086099999999959e+01
8.352282099999999332e+01
-2.784497199999999850e+01
8.349465299999999957e+01
1.344947600000000065e+01
7.131426000000000442e+01
2.389413000000000054e+01
5.793203900000000317e+01
2.156221299999999985e+01
7.061026099999999417e+01
2.731276899999999941e+01
6.283344499999999755e+01
9.260125999999999635e+00
6.476059800000000166e+01
1.517825299999999977e+01
5.710118700000000302e+01
-1.344947600000000065e+01
7.131426000000000442e+01
-2.389413000000000054e+01
5.793203900000000317e+01
-1.953409600000000168e+01
7.089621200000000556e+01
-9.260125999999999635e+00
6.476059800000000166e+01
-2.512268100000000004e+01
6.367991599999999863e+01
-1.517825299999999977e+01
5.710118700000000302e+01
-1.631250000000000000e+02
-9.000000000000000000e+01
-1.518750000000000000e+02
-9.000000000000000000e+01
-1.584591389999999933e+02
-8.352282099999999332e+01
-1.521550279999999873e+02
-8.349465299999999957e+01
1.665505239999999958e+02
-7.131426000000000442e+01
1.561058700000000101e+02
-5.793203900000000317e+01
1.584377869999999859e+02
-7.061026099999999417e+01
1.526872309999999970e+02
-6.283344499999999755e+01
1.707398739999999862e+02
-6.476059800000000166e+01
1.648217469999999878e+02
-5.710118700000000302e+01
-1.665505239999999958e+02
-7.131426000000000442e+01
-1.561058700000000101e+02
-5.793203900000000317e+01
-1.604659039999999948e+02
-7.089621200000000556e+01
-1.707398739999999862e+02
-6.476059800000000166e+01
-1.548773190000000000e+02
-6.367991599999999863e+01
-1.648217469999999878e+02
-5.710118700000000302e+01
-7.875000000000000000e+01
9.000000000000000000e+01
-1.012500000000000000e+02
-9.000000000000000000e+01
-8.778070599999999502e+01
1.632495000000000118e+01
-1.006569899999999933e+02
-5.963880699999999990e+01
-4.500000000000000000e+01
6.678081299999999487e+01
-4.500000000000000000e+01
5.291389499999999657e+01
-3.897633900000000295e+01
6.845158399999999688e+01
-3.843314399999999864e+01
6.117327499999999674e+01
-5.335251800000000344e+01
5.178317400000000248e+01
-5.267237099999999828e+01
4.426091300000000217e+01
-7.028950000000000387e+01
3.829105599999999754e+01
-9.162135299999999916e+01
-2.229293000000000191e+00
-8.301551999999999509e+01
1.632495000000000118e+01
-7.103811100000000067e+01
3.039307900000000018e+01
-9.449616100000000074e+01
-7.645515999999999757e+00
-8.205457199999999318e+01
1.067656400000000083e+01
-1.350000000000000000e+02
-6.678081299999999487e+01
-1.350000000000000000e+02
-5.291389499999999657e+01
-1.410236610000000042e+02
-6.845158399999999688e+01
-1.415668560000000014e+02
-6.117327499999999674e+01
-1.229447200000000038e+02
-5.963880699999999990e+01
-1.221661699999999939e+02
-4.703320200000000284e+01
7.715454800000000546e+01
9.159577000000000524e+00
1.028454519999999945e+02
-9.159577000000000524e+00
8.353855400000000486e+01
5.910999000000000336e+00
9.646144599999999514e+01
-5.910999000000000336e+00
9.000000000000000000e+01
-0.000000000000000000e+00
1.094883300000000048e+02
-1.047172600000000031e+01
1.284545199999999987e+01
3.526438999999999879e+01
-1.284545199999999987e+01
3.526438999999999879e+01
6.461445999999999579e+00
4.243276500000000340e+01
-6.461445999999999579e+00
4.243276500000000340e+01
0.000000000000000000e+00
2.644829199999999858e+01
-1.948833000000000126e+01
2.757707999999999871e+01
4.500000000000000000e+01
8.006261999999999546e+00
-1.350000000000000000e+02
-8.006261999999999546e+00
9.000000000000000000e+01
-0.000000000000000000e+00
0.000000000000000000e+00
8.816096999999999184e+00
1.800000000000000000e+02
-8.816096999999999184e+00
-9.000000000000000000e+01
-0.000000000000000000e+00
1.671545480000000055e+02
-3.526438999999999879e+01
-1.671545480000000055e+02
-3.526438999999999879e+01
1.735385540000000049e+02
-4.243276500000000340e+01
-1.735385540000000049e+02
-4.243276500000000340e+01
1.605116700000000094e+02
-2.757707999999999871e+01
1.800000000000000000e+02
-2.644829199999999858e+01
-7.715454800000000546e+01
9.159577000000000524e+00
-1.028454519999999945e+02
-9.159577000000000524e+00
-7.409077399999999614e+01
1.360104100000000038e+01
-8.672167600000000220e+01
2.882401000000000213e+00
-7.051166999999999518e+01
1.047172600000000031e+01
-9.000000000000000000e+01
-0.000000000000000000e+00
6.231278300000000314e+01
7.787806799999999896e+01
6.617758100000000354e+01
7.596697699999999998e+01
5.095130999999999943e+01
8.098664300000000082e+01
4.322443499999999972e+01
8.207638199999999529e+01
6.092365499999999656e+01
6.734850500000000295e+01
4.922002400000000222e+01
7.259988400000000297e+01
1.176872170000000040e+02
-7.787806799999999896e+01
1.138224189999999965e+02
-7.596697699999999998e+01
1.290486899999999935e+02
-8.098664300000000082e+01
1.367755650000000003e+02
-8.207638199999999529e+01
1.190763450000000034e+02
-6.734850500000000295e+01
1.307799760000000049e+02
-7.259988400000000297e+01
8.186040099999999597e+01
5.295260400000000089e+01
7.798142500000000155e+01
6.304202999999999690e+01
9.813959900000000403e+01
-5.295260400000000089e+01
1.020185749999999985e+02
-6.304202999999999690e+01
9.000000000000000000e+01
0.000000000000000000e+00
7.728231499999999699e+01
4.562889700000000204e+01
8.543239599999999712e+01
1.318738699999999930e+01
1.027176850000000030e+02
-4.562889700000000204e+01
9.456760400000000288e+01
-1.318738699999999930e+01
1.193246300000000026e+01
8.375724800000000414e+01
1.968743900000000124e+01
8.355179599999999596e+01
-1.003601600000000005e+01
8.380452699999999311e+01
-1.585303399999999918e+01
8.371559999999999491e+01
0.000000000000000000e+00
7.765929400000000271e+01
1.663924599999999998e+01
7.721636599999999362e+01
4.567604000000000219e+00
7.117338200000000370e+01
-1.467864299999999922e+01
7.741195500000000607e+01
-4.567604000000000219e+00
7.117338200000000370e+01
1.680675369999999873e+02
-8.375724800000000414e+01
1.603125609999999881e+02
-8.355179599999999596e+01
-1.699639840000000106e+02
-8.380452699999999311e+01
-1.641469659999999919e+02
-8.371559999999999491e+01
1.800000000000000000e+02
-7.765929400000000271e+01
1.633607539999999858e+02
-7.721636599999999362e+01
1.754323960000000113e+02
-7.117338200000000370e+01
-1.653213570000000061e+02
-7.741195500000000607e+01
-1.754323960000000113e+02
-7.117338200000000370e+01
-3.932025800000000260e+01
8.270980900000000702e+01
-3.352681199999999961e+01
8.313383500000000481e+01
-6.447122099999999989e+01
7.223572400000000471e+01
-7.633303700000000447e+01
6.048644800000000288e+01
-5.308596800000000115e+01
6.804893900000000428e+01
-3.915174499999999824e+01
7.540608000000000288e+01
-5.309627600000000314e+01
5.946658800000000156e+01
-7.342281300000000499e+01
4.541373800000000216e+01
-6.166980300000000170e+01
5.026258099999999729e+01
-1.406797420000000045e+02
-8.270980900000000702e+01
-1.464731879999999933e+02
-8.313383500000000481e+01
-1.236394439999999975e+02
-7.972520199999999591e+01
-1.120358530000000030e+02
-7.416414399999999318e+01
-1.408482549999999947e+02
-7.540608000000000288e+01
-1.232998419999999982e+02
-6.893285799999999597e+01
5.494903500000000207e+01
3.968234799999999751e+01
4.007209499999999736e+01
4.754279999999999973e+01
5.661922599999999761e+01
4.488033099999999820e+01
4.277548900000000032e+01
5.256026800000000065e+01
6.219212399999999974e+01
2.602751400000000004e+01
6.139132800000000145e+01
4.029231500000000210e+01
6.906077799999999911e+01
2.467156299999999902e+01
2.780787600000000026e+01
4.279618200000000172e+01
3.327580400000000083e+01
5.550936599999999999e+01
2.093922200000000089e+01
5.020488900000000143e+01
5.741410400000000180e+01
1.717840800000000101e+01
7.265613500000000613e+01
1.600084500000000176e+01
7.326141900000000362e+01
8.452398999999999774e+00
3.258589599999999820e+01
2.581069199999999952e+01
1.734386500000000098e+01
4.255840400000000301e+01
1.673858099999999993e+01
2.629427099999999839e+01
6.474050099999999475e+01
8.203965999999999426e+00
2.525949900000000170e+01
1.699099700000000013e+01
1.250509650000000050e+02
-3.968234799999999751e+01
1.399279050000000097e+02
-4.754279999999999973e+01
1.233807740000000024e+02
-4.488033099999999820e+01
1.372245110000000068e+02
-5.256026800000000065e+01
1.178078759999999932e+02
-2.602751400000000004e+01
1.186086719999999985e+02
-4.029231500000000210e+01
1.109392220000000009e+02
-2.467156299999999902e+01
1.521921240000000068e+02
-4.279618200000000172e+01
1.467241960000000063e+02
-5.550936599999999999e+01
1.590607779999999991e+02
-5.020488900000000143e+01
1.350000000000000000e+02
-2.736780500000000060e+01
1.073438649999999939e+02
-1.600084500000000176e+01
1.233456999999999937e+02
-1.886318699999999993e+01
1.626561350000000061e+02
-4.255840400000000301e+01
1.466543000000000063e+02
-2.743937400000000082e+01
-3.756853499999999713e+01
4.882017700000000104e+01
-2.780787600000000026e+01
4.279618200000000172e+01
-3.095018200000000164e+01
5.651327700000000220e+01
-2.093922200000000089e+01
5.020488900000000143e+01
-5.353084100000000234e+01
3.220733500000000049e+01
-3.808402300000000196e+01
5.487948099999999840e+01
-5.312207800000000191e+01
3.798800099999999702e+01
-4.500000000000000000e+01
2.736780500000000060e+01
-1.734386500000000098e+01
4.255840400000000301e+01
-3.334570000000000078e+01
2.743937400000000082e+01
-6.341130600000000328e+01
2.308490799999999865e+01
-5.665429999999999922e+01
1.886318699999999993e+01
-1.424314650000000029e+02
-4.882017700000000104e+01
-1.521921240000000068e+02
-4.279618200000000172e+01
-1.490498179999999877e+02
-5.651327700000000220e+01
-1.590607779999999991e+02
-5.020488900000000143e+01
-1.205470059999999961e+02
-3.280762599999999907e+01
-1.092340630000000061e+02
-1.733770900000000026e+01
-1.067567430000000002e+02
-2.243137799999999871e+01
-9.453225999999999374e+01
-5.000561000000000256e+00
-1.419159769999999980e+02
-5.487948099999999840e+01
-1.214579599999999999e+02
-3.977870899999999921e+01
-1.474141040000000089e+02
-2.581069199999999952e+01
-1.225858960000000053e+02
-1.717840800000000101e+01
-1.547405009999999947e+02
-1.699099700000000013e+01
-1.152594990000000053e+02
-8.203965999999999426e+00
-1.626561350000000061e+02
-4.255840400000000301e+01
-1.632614189999999894e+02
-2.629427099999999839e+01
-9.809585400000000277e+01
-7.153322000000000180e+00
-1.067385809999999964e+02
-8.452398999999999774e+00
6.909025900000000320e+01
5.961113000000000284e+01
6.376655199999999724e+01
5.436214799999999769e+01
6.817171999999999343e+01
4.899108600000000280e+01
3.295515300000000281e+01
7.582199599999999862e+01
3.890734900000000351e+01
6.732527100000000075e+01
3.013796699999999973e+01
6.901944699999999955e+01
1.109097409999999968e+02
-5.961113000000000284e+01
1.162334479999999957e+02
-5.436214799999999769e+01
1.118282800000000066e+02
-4.899108600000000280e+01
1.470448470000000043e+02
-7.582199599999999862e+01
1.410926509999999894e+02
-6.732527100000000075e+01
1.498620329999999967e+02
-6.901944699999999955e+01
8.480557100000000048e+01
8.049466999999999928e+00
9.519442899999999952e+01
-8.049466999999999928e+00
9.000000000000000000e+01
0.000000000000000000e+00
-2.693644799999999861e+01
7.677776799999999469e+01
-2.599027500000000046e+01
7.008068299999999340e+01
-3.257477599999999995e+01
6.929515200000000164e+01
5.194429000000000407e+00
5.726610300000000109e+01
-5.194429000000000407e+00
5.726610300000000109e+01
0.000000000000000000e+00
4.968445799999999934e+01
-1.530635519999999872e+02
-7.677776799999999469e+01
-1.540097250000000031e+02
-7.008068299999999340e+01
-1.474252239999999858e+02
-6.929515200000000164e+01
1.748055709999999863e+02
-5.726610300000000109e+01
-1.748055709999999863e+02
-5.726610300000000109e+01
1.800000000000000000e+02
-4.968445799999999934e+01
-9.860313600000000633e+01
-3.106382800000000088e+01
-9.645473099999999533e+01
-1.521606200000000086e+01
-1.101587880000000013e+02
-4.251528700000000072e+01
-6.204119599999999934e+01
3.476370500000000163e+01
-7.206386200000000031e+01
2.341844299999999990e+01
-7.294569500000000062e+01
1.796682900000000060e+01
1.170560750000000070e+02
-9.713190000000000879e+00
1.350000000000000000e+02
-9.029854999999999521e+00
1.529439250000000072e+02
-1.852749100000000126e+01
-2.705607499999999987e+01
1.852749100000000126e+01
-4.500000000000000000e+01
9.029854999999999521e+00
-6.294392500000000013e+01
9.713190000000000879e+00
