0.080132  0.024911  -0.178020  -0.000000  -0.000000  -0.077143  0.144449  -0.084159  0.009242  0.031786  -0.030764  0.036265  -0.005671  0.049691  -0.001013  0.001900
0.083990  -0.118914  -0.062842  -0.000000  -0.092973  0.075439  -0.070466  -0.046297  -0.075507  -0.021374  0.051257  0.060055  -0.001950  -0.054025  -0.019027  -0.029753
0.111192  0.030299  0.012109  0.239338  -0.000000  -0.011178  -0.097205  -0.021662  0.124951  -0.004814  -0.022887  -0.029549  0.013131  -0.016603  -0.013601  0.035138
0.122770  0.217716  -0.088253  -0.000000  0.057419  -0.064111  -0.070102  0.031700  -0.132585  -0.034047  -0.003208  -0.030700  0.020034  -0.019411  -0.006157  -0.013120
0.083287  0.004198  -0.191169  -0.000000  -0.007245  0.130900  0.138989  -0.001063  -0.009722  0.017682  -0.006238  -0.077188  0.025247  0.002034  0.033886  0.026923
0.135207  0.055725  -0.090084  -0.304475  -0.100174  -0.033973  -0.035024  0.040990  0.099193  0.007711  0.012712  -0.012551  -0.021061  0.004713  0.022645  -0.003693
0.115636  -0.216971  -0.048525  -0.000000  0.100760  0.010860  -0.143012  0.064620  -0.039951  -0.024956  -0.022849  0.065074  0.057331  0.047859  -0.041739  -0.004030
0.057028  0.049570  0.192054  0.067371  0.108192  0.076373  0.061234  0.083899  0.016740  0.048924  0.060330  0.017920  0.053671  -0.001425  0.014226  -0.031857
0.068873  0.109741  0.106425  -0.000000  -0.066085  0.146588  0.034678  -0.055650  -0.025981  0.004530  -0.049447  0.036213  -0.035556  -0.051378  -0.032417  0.011795
0.081472  -0.087797  0.233298  -0.000000  0.027590  -0.125638  0.034089  -0.116063  0.051504  -0.016162  0.060933  -0.034114  0.017596  0.025836  0.046984  -0.024677
0.066332  -0.068481  0.117710  -0.000000  -0.028885  -0.127994  0.000945  0.102368  -0.019102  -0.009558  -0.049616  -0.031653  -0.121427  0.014019  -0.002877  0.032022
