8.660254037844387076e-01 4.999999999999999445e-01 6.123233995736766036e-17;
8.660254037844387076e-01 -4.999999999999999445e-01 6.123233995736766036e-17;
1.000000000000000000e+00 0.000000000000000000e+00 6.123233995736766036e-17;
6.123233995736766036e-17 1.000000000000000000e+00 6.123233995736766036e-17;
6.123233995736766036e-17 -1.000000000000000000e+00 6.123233995736766036e-17;
-7.071067811865474617e-01 7.071067811865475727e-01 6.123233995736766036e-17;
-7.071067811865474617e-01 -7.071067811865475727e-01 6.123233995736766036e-17;
5.000000000000000000e-01 4.999999999999998890e-01 7.071067811865475727e-01;
5.000000000000000000e-01 -4.999999999999998890e-01 7.071067811865475727e-01;
-4.999999999999998890e-01 5.000000000000000000e-01 7.071067811865475727e-01;
-4.999999999999998890e-01 -5.000000000000000000e-01 7.071067811865475727e-01;
